88.9732833177164
92.5039222740487
67.82781643150726
25.901508477191015
47.343869082081035
14.822854034676913
70.8381165563542
87.81632708364629
74.06753190079347
65.25686953049802
77.39580705243225
82.43232603022757
45.81991883028758
26.666615999098543
52.12167149418077
34.57680464169866
40.806290023571854
75.58782032932487
49.25107769132631
51.29190966743087
60.53861862190897
12.81507282879788
52.89489316592566
78.32840006491404
33.064628918035986
67.45084750230642
27.34541585828154
22.783527569593765
68.56775078246027
32.50026437034654
32.04785206786427
11.177493522147852
18.745546108876642
82.65168522318511
68.76739619194126
63.40794273688404
79.40952596577209
61.09853933801999
64.85773255869279
70.80410193349283
88.17080198724665
72.93934739648007
5.623904868043339
50.67217598643157
70.04289909132058
6.042078021062891
89.56689059018335
98.80085097746002
81.66752796187487
46.611563613406126
2.945013427349852
21.24195428191986