49.404188233998084
51.30368984550289
39.35042142750973
56.323843815110955
78.79849957349575
74.78842618811375
53.56662273068551
4.706743096309141
23.756023961512373
16.133524177984746
52.73025722139879
49.37867903364668
62.00598954051208
45.878023917269694
71.99687154516903
47.39842062883803
83.4070453706072
30.651448790251013
16.553827448459923
44.62152822744978
46.70711978293065
25.20654523642505
2.5981926214606377
23.390835418982903
15.408684043637777
91.55980306531531
85.19442188844496
93.88452470986144
21.173824204972313
13.301526214031355
11.213791768417947
35.589342081869034
14.771096524515205
28.545441843746055
82.53954348888585
49.997686111716
11.587723395690519
10.855096281299437
4.469764841373602
73.64308444048497
20.785981545102715
24.452170317871857
10.791648181995273
79.37685167651696
86.4661461582952
1.9403347093493117
85.79726228665471
25.156135820312286
59.0955382465586
68.34675641027302
9.09276227329503
42.02346588218817
83.82111388605782
68.85838570418083
76.55063444581404
76.40654668917068
67.53121225641752
24.519816867168508
78.8461131969259
88.43760590459304
62.60319407981172
35.72814582497883
38.12111144108996
90.50416784904472
40.35974511077889
52.66768876938719
95.79463101652743
53.17646245497654
75.75996801760002
68.98730961985792
52.70864924069938
40.76708993700586
13.880333920468168
41.6350380168911
95.14678393282752
34.17919643569864
37.92890040014001
98.29438690878094
80.50107158165065
83.87532099432498
52.49282861115474
98.77752866737801
76.44748357338815
15.911687529607477
34.972687928663284
87.60624609308883
58.03669902100008
75.66765199352996
45.21563234298884
11.51765207930946
2.5439906981294724
39.711195153019595
63.30142920616177
75.44295818192278
96.64823507267144
27.549784668044342
45.098516467259245
71.03926540159229
37.575479160043336
57.00812656969998
52.79597597719452
51.36572819456404
10.406936656202914
55.29728030463574
16.120609568210998
11.318072313285853
16.017700579848015
57.5826603252501
89.84412385186775
18.14357466569858
96.74108325761227
95.7691094346929
9.518016635906722
59.08463570363418
58.03657898478842
40.41082135532701
97.3193054440678
64.82156792803104
14.643543664485614
54.57514576767355
79.77828248144574
15.219847926978414
69.20528839820139
69.44289384887978
93.84772706188417
28.067565260505024
26.108312108473687
57.59150490105351
42.9286376150722
78.38612748634158
57.74569765689912
44.69429445851907
17.319712690408107
40.056481618235765
98.1764637648723
41.53724869430573
15.670522726697822
5.970398197120486
14.75569021773584
96.84792595814741
31.6018880721455
97.15950934678088
39.88817698584639
