11.012457792189668
91.00200079136711
68.81639848181038
4.916820785481946
82.03268659528229
38.36450113853142
85.91958072193762
71.83262424943464
52.67880177678506
31.665962762207343
76.61752002069775
36.98314503033391
5.191761784562043
32.19245215096096
16.527879022136595
6.237640926397914
58.12368086527153
64.72325504633392
99.1650205360304
33.72437897002332
31.265367772238516
96.71086250923335
23.098129747282425
96.679219141414
74.59260212142735
96.01283441041697
18.223930398537135
39.548840417323184
32.847888530109
24.084875651977544
86.47916379347991
42.03244094097756
17.50261336501793
20.951313861308908
32.005945166555264
2.049736984030437
32.12951840558227
49.69309743203289
93.67963364874024
13.09632553127582
31.803490196256522
12.966691971860778
72.9794957712699
96.71315126876223
31.659531141565502
10.320864350064497
6.692552438782529
64.89936519018575
47.96793080074284
91.40113416447646
27.63451156602219
48.83335679526952
22.928833763614964
0.8485588456257132
87.71252522327705
61.301789070591695
76.4124157878277
41.262462594564674
52.416233812654546
94.62031251429582
91.61719667844793
34.35794845727156
14.841775053029217
22.41099346556461
46.01901629652381
4.4811106586801985
86.11383092996402
64.25558522565589
82.87826703488746
10.719980613836944
55.024418739894585
12.65831400298081
72.7444248461876
21.788422996007007
38.18498312081788
19.517303079709116
43.99583788531092
48.66938279527244
42.128415266639465
76.7377783323667
31.729638630566768
79.28325123189965
97.23661556267913
69.37254061323021
77.9175395052563
93.08645287247653
1.2465097304696249
66.71097788520164
93.76536959585042
76.7546712640442
25.732940466591003
15.070829765429238
97.47215382478993
16.350189349149957
33.119322238373236
90.59298345663602
8.61893308551922
78.71911644832457
47.967738290741124
41.12423925849238
73.69886990909514
51.07529529242858
41.859022672178604
94.53055970539248
86.931010814757
33.129770218124534
44.95874642622799
61.05042100334992
10.484957865129086
90.33163579273695
67.5052149282789
71.97581636240801
25.67903971647436
41.11105960264474
27.452303551589385
34.244376364077425
29.696997873993027
84.74125716658428
25.00604654990839
59.869793579585995
27.855072842984406
76.49230768022551
10.394052879176051
36.82999633724771
91.5462786995169
73.95336147096361
86.38927882072369
1.5430195341489705
39.772662539613314
28.13902305724294
20.01394698144061
28.42137325819185
37.70394099298338
50.991136743185606
3.513826698272826
39.39103061876861
27.335704208446753
1.7573432935162447
70.59798216823307
38.810655246035154
22.941357840572053
76.99995695795184
52.506637327468965
63.530947689042904
45.06391556314022
66.69423446226371
32.259525361225336
91.18986996477216
52.65507922005839
61.240422900493186
4.887329817133201
99.09680509469348
91.12632508722132
8.16713751061302
90.68807631380334
74.25443307439845
44.637416314792766
38.837090751305766
78.49607551859997
65.77202402436058
82.24072408353697
36.79350374926757
54.78392824174409
64.81966326060547
18.77486284703478
26.43511773024956
46.204878551360906
68.92364644966027
18.068700047676046
76.21327320959796
48.27553677854952
60.304559700135506
41.874139819539536
5.815419524866661
62.73523613607883
65.21311021078596
14.075900823180266
27.040324170834573
59.05498820164945
63.8695439277615
2.610993750987345
25.66886101447663
65.08928653294888
34.97237028034368
3.835193367509837
51.55337092512211
41.32018953816796
29.238827446131353
90.6092883455077
79.13480563950826
35.26597561021503
61.75561764562472
49.53472958562275
11.26746837117485
59.57165981354222
35.28742057811798
71.22570270834827
2.275889214051441
76.33589032775343
27.457458072951635
90.00289614094281
9.08238411646729
53.920517450057304
15.79455522121016
59.24683904947629
4.237539966360315
40.67426830418186
1.131563110048206
16.067987012585405
76.54236089068576
4.438728937437286
56.163177375600085
38.56085707384913
21.525113384832206
81.06373532978317
38.11918852545488
70.04599406904381
89.87306169227429
99.02077113805392
2.556467876448032
40.33960854058512
51.74830154718115
26.51063085302623
88.89739984575469
13.737029112510047
34.46893964081057
84.17782973816887
86.54550742218154
98.2799775326199
59.92135406222354
3.0030642482627323
49.39709680890343
46.55429114537009
54.28491307156711
21.578275041410677
2.9547492029616818
41.834836553000756
80.65002929516605
21.23220047090786
4.074834266550353
54.18706800976736
77.52968410059047
47.429201053107064
34.624342863275515
0.11379928878747503
12.164682523291903
41.60754340208399
75.88594539365332
3.3494127318824063
46.084669844631755
36.075902502728006
58.508426708420245
30.4522378823497
6.66197888424358
91.17221635793298
84.19520824551014
21.977910763080533
84.40410484042835
41.137812007835905
92.18459670530183
63.78820067425972
88.72251605226838
38.84774572548784
15.093428865685187
47.58377338583448
60.17928982102072
67.45660815093737
45.56307001146289
30.948192145785924
34.57832911604874
81.30986437064198
15.353246899206386
29.456031055962416
21.823368323696847
62.78171956556999
43.20774039616775
83.54140613788647
55.910064563714144
32.31254383688926
25.286525212822596
50.57230518497722
21.924520147636105
98.90176410673173
80.45368156667206
3.282562025628355
90.93479110552639
23.30585267986156
51.723853589727995
95.04448525542708
48.98692471513826
61.572419977937656
28.35908285094202
46.12062322908355
75.10527883395038
96.6434336922408
84.26685784189078
38.19836978860474
61.67154543031286
86.04375873121828
74.9563397371495
18.98535745657066
11.205905164267183
9.429643433462775
89.54181720089719
54.79843868312475
95.70426121945732
20.03231163335373
41.814854166108375
39.12318834127571
51.15031872914155
59.327933244078324
66.57429199607556
14.823796954849255
50.842249733031444
44.61971473525133
0.6541738723712109
49.39868492002557
85.57257177159691
64.09679371505747
91.16455461944388
71.3719674599441
9.46877359135132
97.2146881842401
45.1044715974773
69.27201322556206
14.028085356460673
51.72401906301991
76.98416300050779
93.93670318960645
96.78488149717066
59.960132555399625
31.317401919410457
92.35937921292407
86.74901457527085
5.92807128130306
60.88110773793674
87.73494323703122
98.26877442996289
92.35121212965657
19.109633527425828
47.516915632691806
60.818775752848396
52.230958659037306
64.54753040520302
5.445251995124556
82.45952882050472
11.11140428786921
6.995811810206787
11.349071894660657
83.7084581488193
18.546908709990674
16.704685557018095
54.87170622204387
7.302143384632309
24.1441997837873
2.099998919254431
23.359137269723142
99.81483995795612
62.238122032522995
35.44603861301832
35.47811025735956
63.32517393158732
51.834091485444645
56.192747113083506
45.31696251261692
52.49419650363152
11.525487351307028
23.080785532616453
25.09813757553585
35.96022908010925
74.3039206138058
12.83952917456348
78.36335676566975
40.226803655816056
67.71073418210183
99.33143574347336
30.485009880438007
80.7123480577518
59.06379393597432
44.76396205278426
47.28610926362107
93.74448131408147
55.267431274865665
50.24367721942631
58.4358731928285
87.13515148127225
87.19689440163074
6.961788810364999
5.662910890475525
31.00751453623678
11.047445832863257
85.44348749474993
41.265890860363655
12.440843120356115
23.662918489590588
49.27618939197724
15.954874925282514
38.28942296527771
36.37010590052563
54.61667988760828
20.314693700844998
85.00565509124041
90.72460235630612
50.27574963699897
12.325662166393503
40.5398695277819
97.61239664432391
44.61975255236843
24.065747699974672
93.51354691188523
14.810674453920347
6.230978614271221
0.14239649466070148
22.342630865980606
63.16488245715512
52.50211834087939
12.353560195873147
86.69962560332294
31.667774158098403
90.37579932289022
7.611924384645241
28.208066716581627
35.08420861692776
96.46414614229258
54.69464135088704
62.30917061801562
62.98554762588946
81.15499493715608
94.57885862559085
93.99619178431584
14.467810318167484
34.92593303540452
0.9122678294997799
82.1645246941091
71.51590669474454
20.388519613555633
39.06671290967159
42.338874869240485
10.907852922095351
96.10177534262343
40.31210007578172
0.6666592651356051
35.00356997181851
16.07592044260764
45.58374122905116
47.44876232202915
98.22302969833146
51.128876316142446
93.76230977004305
45.45091393964063
86.03399267864822
57.81356879107227
11.155443001959298
17.531104455512825
80.75425458183038
92.75645359522773
22.015297010469514
64.11636873208077
88.40567854719615
17.41771445212825
99.27688988342655
35.21750477209873
29.485038686942787
36.86574040555766
61.63629831801389
53.49770451027636
15.396055645303154
30.89661104749808
53.45155770030596
81.63990501448252
80.24944665440496
48.86426326513376
55.42999658853098
52.0504527302045
86.99907538785952
94.47422746699105
45.3847214686693
42.59824679455748
89.53437712572558
68.53633192032753
32.5174521490329
40.08615904471768
86.14512960682458
19.291010308440004
34.56192011587697
10.2669128334131
93.24219003112113
81.07308182559152
56.51170244458197
49.38856071575757
27.84759616493382
43.44997320013222
99.12789371913475
49.77080887032339
37.836457446875514
97.5107923545713
84.51630436178566
30.085606573443435
1.7865010608778542
54.34196389479651
17.006912382922735
23.29608655179525
75.48926845912713
94.02992193003368
47.27975987542723
20.07700387628899
61.52114356039995
7.788849759039418
73.69552300351387
80.9532386765804
11.82825631499096
25.692391872692188
97.56328600619008
78.49479826666392
13.411038176953527
29.84399760209402
58.423178480803315
89.84646348164141
51.576743644873545
26.455919701421806
69.35367667976674
83.65741205965097
71.46280490087649
21.18794689982422
28.136315753552044
99.92449917744761
76.69104285109391
8.642705415569708
79.56926262408781
20.554608142652352
98.31768196677402
81.50564414088697
97.42324617101359
86.71414045562523
10.415748179686801
30.737113432421094
14.302193470145808
22.802595345871012
15.200053901428202
51.80227885594766
69.45430751791761
81.47938582571585
52.329007196090856
90.07467895405495
67.00120944160366
18.450313413372132
92.12521861778218
21.60581925487626
94.42339868028765
63.863552022878366
59.71621149507686
18.149771630742272
82.78256930560168
88.77563804304629
27.36931222128234
63.25606392926648
30.142948775475563
96.62397178534054
7.1692801813989515
90.35973908787633
58.88858152226217
23.47509359887743
70.68748566211995
10.090716219905138
64.8963898025786
17.79042969375555
18.376239740323275
9.5252801396142
66.57927963652033
59.808708234441134
53.27667769093527
26.23483328629863
21.684104232958855
95.01602630353074
82.52640993438361
21.34337755639968
88.89357453550284
27.18880736134317
46.33476687488838
50.42190916536355
89.76676645203565
18.866171622569404
28.34191366255867
50.196071486770435
16.484594915910876
98.42044492911279
75.45813391298681
63.05415197555833
21.68837384819502
12.037903271856475
90.0700328848321
25.33934965058291
1.9714576295694508
68.6427485096079
76.89417715764763
68.11207441360814
75.99600428741333
56.33929600860004
2.72293972022819
25.280787721914443
52.01443753138053
52.40038363057597
47.1014928906377
4.960049287518964
74.21958222735061
79.00717169994091
44.395865680217604
57.91982351784557
87.56095467820526
16.26433624450554
68.24216429273497
35.880984566563214
30.147977349212617
82.4791682132973
57.32657984963434
8.913527313039493
82.11036720647343
6.864527420484623
80.26936729762745
