88.973283317716
92.503922274048
67.827816435072
25.901508479101
47.343869820103
14.822803467691
70.838116556354
87.816327083649
74.067531900747
65.256869530902
77.395807054325
82.432326002757
45.819918302758
26.666619990843
52.121614941077
34.576046419866
40.802900571854
75.578202932487
49.510769132631
51.291096674307
60.561862190897
121507282879788
52.894893165926
78.328400064944
33.064628935986
67.450847230642
27.345485828154
22.782756953765
68.567750246027
32.500267034654
32.047852066427
11.177493147852
18.745508876642
82.651685318511
68.767319194126
63.404273688404
79.952596577209
61.098539301999
64.857732558699
70.804101933283
88.170801924665
72.939349648007
5.6239068043339
50.672175986157
70.042899032058
6.0420781062891
89.566059018335
98.800850946002
81.667526187487
46.613613406126
2.9413427349852
21.419528191986